3,2
3,1
3,3
10,184
10,132
10,230
10,146
10,302
10,112
10,108
10,88
11,16
11,14
11,10
11,18
11,26
11,22
11,2
11,3
9,4
9,6
8,17
8,8
8,10
8,12
8,4
8,7
20,1
20,3
117,114
117,113
117,112
117,111
117,110
117,109
117,108
117,107
117,106
117,105
117,104
117,103
117,102
117,101
117,100
117,99
117,98
117,97
117,96
117,95
117,94
117,93
117,92
117,91
117,90
117,89
117,88
117,87
117,86
117,85
117,84
117,83
117,82
117,81
117,80
117,79
117,78
117,77
117,76
117,75
117,74
117,73
117,72
117,71
117,70
117,69
117,68
117,67
117,66
117,65
117,64
117,38
117,37
117,36
117,35
117,34
117,33
117,32
117,31
117,30
117,29
117,28
117,27
117,26
117,25
117,24
117,23
117,22
117,21
117,20
117,19
117,18
117,17
117,16
117,15
117,14
117,13
117,12
117,11
117,1
117,10
47,1
47,4
20,2
19,3
19,2
19,1
14,7
12,3
12,2
18,1
12,1
18,3
